4294967294,61
4294967294,12
4294967279,567
4294967279,21
4294967279,188
4294967278,183
4294967279,179
4294967278,171
4294967279,171
4294967294,115
4294967279,338
4294967279,299
4294967278,167
4294967278,166
4294967279,337
4294967279,165
165,5
165,4
165,3
165,2
165,1
4294967279,291
4294967279,565
4294967278,369
4294967279,289
4294967279,149
163,5
163,4
4294967279,147
163,3
163,2
163,1
4294967294,386
4294967294,161
4294967294,1008
4294967294,170
161,4
161,3
161,2
161,1
4294967279,139
4294967279,574
4294967294,999
4294967294,1175
4294967278,400
4294967279,336
4294967279,283
160,6
4294967294,436
4294967294,393
4294967294,471
4294967294,177
4294967294,402
4294967294,160
4294967294,454
4294967294,464
4294967294,449
4294967278,379
160,5
4294967294,99
4294967294,76
4294967278,399
4294967278,0
4294967279,269
160,4
160,3
160,2
160,1
4294967278,286
4294967278,283
4294967279,514
159,4
159,3
159,2
159,1
4294967294,5
4294967279,0
4294967294,42
4294967294,41
4294967294,38
4294967294,36
4294967294,39
4294967294,392
4294967294,389
4294967294,44
4294967294,114
4294967278,348
4294967294,107
4294967294,91
4294967294,87
4294967294,85
4294967294,1016
4294967294,51
4294967294,52
4294967294,426
4294967294,92
4294967294,88
4294967279,281
4294967279,573
4294967294,1097
4294967294,82
4294967278,132
4294967278,131
4294967278,130
4294967278,129
4294967278,128
4294967278,127
4294967278,126
4294967278,125
4294967278,124
4294967278,123
4294967278,122
4294967278,121
4294967278,120
4294967278,119
4294967278,118
4294967278,117
4294967278,116
4294967278,115
4294967278,114
4294967278,113
4294967278,112
4294967278,111
4294967278,107
4294967278,105
4294967278,104
4294967278,103
4294967278,102
4294967278,100
4294967278,99
4294967278,98
4294967278,97
4294967278,93
4294967278,91
4294967278,90
4294967278,89
4294967278,87
4294967278,85
4294967278,84
4294967278,83
4294967278,81
4294967278,80
4294967278,79
4294967278,77
4294967278,73
4294967278,72
4294967278,71
4294967278,70
4294967278,68
4294967278,67
4294967278,66
4294967278,65
4294967278,58
4294967278,57
4294967278,56
4294967278,55
4294967278,54
4294967278,53
4294967278,51
4294967278,50
4294967278,49
4294967278,48
4294967278,47
4294967278,46
4294967278,45
4294967278,44
4294967278,43
4294967278,42
4294967278,41
4294967278,40
4294967278,39
4294967279,260
4294967279,17
4294967279,16
4294967279,14
4294967279,13
4294967279,11
4294967279,10
4294967279,9
4294967279,8
4294967279,7
4294967279,6
4294967279,5
4294967279,4
4294967278,377
4294967278,376
4294967278,232
4294967278,224
4294967278,222
4294967278,214
4294967279,311
158,5
4294967278,213
158,4
158,2
158,1
4294967279,570
4294967278,314
4294967279,308
4294967278,205
4294967278,360
4294967279,532
156,5
156,4
156,2
156,1
154,4
154,3
154,2
154,1
4294967294,1003
4294967294,1015
4294967294,1001
4294967278,306
4294967279,525
4294967279,303
153,6
4294967278,184
4294967278,372
4294967279,185
153,5
4294967278,182
153,4
153,3
153,2
153,1
4294967278,180
4294967279,178
152,4
152,3
152,2
152,1
4294967279,335
4294967279,295
4294967278,398
4294967278,354
4294967279,548
4294967278,375
4294967279,572
4294967278,168
4294967279,546
4294967279,164
4294967278,152
4294967278,151
4294967279,148
4294967278,290
4294967279,285
4294967279,517
151,5
151,4
4294967279,272
151,2
151,1
4294967279,334
4294967279,282
4294967294,465
4294967278,272
4294967279,278
149,5
149,4
149,2
149,1
147,4
147,3
147,2
147,1
4294967279,333
4294967279,332
4294967278,320
4294967279,316
146,6
4294967279,538
4294967278,313
146,5
4294967278,363
146,4
146,3
146,2
146,1
4294967294,1012
4294967294,163
4294967279,250
145,4
4294967279,245
145,3
145,2
145,1
4294967279,244
4294967279,553
4294967278,361
4294967279,238
4294967279,547
4294967278,233
4294967278,110
4294967278,109
4294967278,108
4294967278,106
4294967278,101
4294967278,96
4294967278,95
4294967278,92
4294967278,82
4294967278,78
4294967278,76
4294967278,69
4294967278,64
4294967278,62
4294967278,61
4294967278,60
4294967278,52
4294967278,215
4294967278,94
4294967278,312
4294967278,86
4294967278,75
4294967278,74
4294967278,63
4294967279,204
4294967278,201
4294967278,200
4294967278,199
4294967278,198
4294967279,197
4294967278,196
4294967278,194
4294967278,192
4294967278,191
4294967278,187
4294967278,186
4294967279,183
4294967279,182
4294967278,181
4294967278,397
4294967278,179
4294967278,178
144,5
4294967279,177
144,4
144,2
144,1
4294967279,173
4294967279,172
4294967278,170
4294967278,396
4294967279,522
4294967279,566
4294967278,395
4294967279,167
4294967278,165
4294967278,371
4294967279,163
142,5
142,4
142,2
142,1
4294967279,156
4294967279,157
140,4
140,3
140,2
140,1
4294967278,368
4294967279,563
4294967279,151
139,6
139,5
139,4
139,3
139,2
139,1
138,4
138,3
138,2
138,1
4294967279,138
4294967294,191
4294967294,405
4294967294,168
4294967294,466
4294967294,394
4294967294,411
4294967294,113
4294967294,462
4294967278,284
4294967279,267
4294967278,275
4294967279,280
4294967278,59
4294967279,275
4294967278,264
4294967278,285
4294967279,554
4294967278,394
4294967278,239
137,5
137,4
137,2
137,1
4294967279,331
4294967278,219
4294967279,218
4294967279,214
4294967279,211
135,5
135,4
135,2
135,1
4294967279,209
4294967279,207
133,4
133,3
133,2
133,1
4294967278,340
4294967278,339
4294967279,198
132,6
4294967279,306
132,5
132,4
132,3
132,2
132,1
131,4
131,3
131,2
131,1
4294967279,550
4294967294,388
4294967278,357
4294967278,356
4294967294,470
4294967278,162
4294967278,161
4294967279,158
4294967294,30
4294967279,564
4294967294,1000
4294967294,185
4294967278,367
4294967278,366
4294967294,188
4294967294,1092
4294967294,528
4294967294,996
4294967294,1010
4294967279,150
4294967294,89
4294967278,146
4294967278,365
130,5
4294967279,144
130,4
130,2
130,1
4294967278,393
4294967279,143
4294967279,141
4294967279,284
4294967278,137
4294967279,135
4294967294,37
4294967279,133
128,5
128,4
128,2
128,1
4294967278,269
4294967279,264
4294967278,268
126,4
126,3
126,2
126,1
4294967278,323
4294967278,265
4294967279,258
4294967279,560
125,6
4294967278,261
4294967278,345
4294967278,278
125,5
4294967279,559
125,4
125,3
125,2
125,1
4294967278,364
4294967279,558
124,4
0,7
124,3
124,2
124,1
4294967279,555
4294967294,1171
4294967294,2
4294967294,469
4294967294,0
4294967294,459
4294967294,413
4294967294,461
4294967278,254
4294967294,29
4294967278,392
4294967294,40
4294967279,296
4294967294,46
4294967294,1017
4294967278,249
4294967294,90
4294967294,86
4294967294,84
4294967294,1173
4294967294,418
4294967294,28
